42.28283 -83.749331 
42.2805401 -83.7504773 
42.278754 -83.745565 
42.278678 -83.742637 
42.288946 -83.746485 
42.2823149 -83.734568 
42.28806 -83.73482 
42.2687492 -83.7477646 
42.274044 -83.733542 
42.2671402 -83.7506908 
42.28553391 -83.71579742 
42.2922859 -83.7178192 
42.2789913 -83.7932202 
42.274068 -83.7942136 
42.2859283 -83.7975975 
42.2444381713867 -83.7388381958008 
42.2409149 -83.7359236 
42.2397874 -83.7668615 
42.28475 -83.80857 
42.285775 -83.8117448 
42.2900599 -83.673027 
42.318027 -83.6826498 
42.26572418 -83.66770935 
42.2623191 -83.6648445 
42.1855018 -83.7403836 
42.3309816852983 -83.8858849674591 
42.166498 -83.780162 
42.341799 -83.8984412 
42.1986583622 -83.5532597508 
42.3204141 -83.4886223 
42.231117 -83.486743 
42.386184 -83.517051 
42.3099054 -84.0183716 
42.3146744 -84.0359039 
42.244351 -83.444131 
42.2415 -83.436194 
42.3601264953613 -83.4325866699219 
42.2777609 -83.415281 
42.258055 -83.413653 
42.5456199645996 -83.7899932861328 
42.4214125 -83.4314217 
42.369462 -83.3976705 
42.3471832 -83.3866577 
42.3256209 -83.3688553 
42.194177 -83.3767723 
42.3695816 -83.3722675 
42.51829147 -83.50955963 
42.20739 -83.3558 
42.22495 -83.3463 
42.470329 -83.4259886 
42.23676655 -83.3329619 
42.4990387 -83.4393387 
42.49501419 -83.43161011 
42.5915298 -83.5995331 
42.2784042358398 -83.2700881958008 
42.374558 -83.281933 
42.3658901 -83.275605 
42.2943146038 -83.2417076546 
42.2943007156 -83.2416701037 
42.2967720938 -83.2393549156 
42.2928862733 -83.2391245395 
42.2935172626 -83.2389180094 
42.305795642 -83.238964345 
42.2986034909 -83.23805454 
42.2995993954 -83.2358283065 
42.293152 -83.230669 
42.3011580815 -83.2310592381 
42.2940687 -83.2288183 
42.6224659 -83.9978302 
42.29431 -83.223267 
42.5048 -83.31363 
42.652932 -83.580487 
42.3236052 -83.2212412 
42.5604478 -83.3742383 
42.3203923 -83.218658 
42.3206458 -83.2183927 
42.262286 -83.2152698 
42.32449 -83.21651 
42.3149591782 -83.2108920602 
42.3278430632 -83.2117129708 
42.3173584598 -83.2102109142 
42.3176906614 -83.2102296897 
42.2808365 -83.206796 
42.2808365 -83.206796 
42.3351082348 -83.2097487821 
42.2818611 -83.2045525 
42.3183050409 -83.2065737037 
42.2788881 -83.2041202 
42.3209428533 -83.2047066271 
42.3009822 -83.2028 
42.498161224511 -83.2865810394287 
42.2940414 -83.2018988 
42.3197093 -83.2038966 
42.14107513 -83.23352051 
42.2972754 -83.1991362 
42.5028167 -83.2838464 
42.291990357 -83.1962140019 
42.2892131244 -83.1961087394 
42.3300893787 -83.1991402465 
42.146924 -83.225381 
42.1410446166992 -83.2271423339844 
42.2948777 -83.191908 
42.2933952041 -83.1911631325 
42.2885738688 -83.1909047541 
42.09406 -83.251852 
42.476386 -83.24981 
41.9168863 -83.4702465 
42.292146 -83.178699 
42.3021062613 -83.1700447668 
42.5440026 -83.2827067 
41.900072 -83.412031 
42.6610439 -83.4043 
42.615654 -83.324374 
41.9292802 -83.3529319 
42.277263 -84.3731449 
42.344978 -83.128128 
42.27662 -84.38112 
42.57181646 -83.25019 
42.41423 -83.1364 
42.5448439 -83.2154089 
42.581468 -83.243748 
42.2498043 -84.395592 
42.32564 -83.09973 
42.46141 -83.141678 
42.4761 -83.14678 
42.5295181 -83.1834869 
42.246483 -84.403608 
42.455 -83.131111 
42.451454 -83.127574 
42.60624756661138 -83.25171232223511 
42.4880998 -83.1454351 
42.49023 -83.14288 
42.2901764 -84.4212646 
42.3535883333534 -83.0752607214385 
42.5535 -83.17521 
42.5636605317023 -83.1836924994241 
42.3577454220504 -83.0738475825638 
42.3565840255467 -83.0733826383948 
42.3713384 -83.0762422 
42.4104853 -83.0870009 
42.3646966 -83.0731497 
42.3646966 -83.0731497 
42.3612218163908 -83.0711717437953 
42.3574317712337 -83.0660457070917 
42.3542634789208 -83.0641661133649 
42.395383 -83.074263 
42.33476 -83.0608 
42.3573546377245 -83.0633437167853 
42.33375168 -83.05662 
42.35432053 -83.0579071 
42.349218009098 -83.0565744079649 
42.3521965 -83.0568269 
42.355273766443 -83.0555882770568 
42.3529892 -83.0541273 
42.3363266 -83.05091858 
42.566923 -83.160955 
42.566923 -83.160955 
42.33338165 -83.04575348 
42.32902145 -83.04360199 
42.779957 -83.530567 
42.3340822 -83.0426995 
42.484615 -83.09264 
42.6598453 -83.2439473 
42.5969552 -83.1670938 
42.57397842 -83.14524078 
42.593779 -83.162687 
42.5974492 -83.1637094 
42.4919434 -83.0796967 
42.6458447 -83.2107925 
42.559869 -83.116105 
42.560051 -83.115901 
42.666707 -83.220148 
42.707019 -83.270929 
42.6966421 -83.2527991 
42.640904 -83.16927 
42.640904 -83.16927 
42.8222439 -83.5580345 
42.5085622 -83.0468451 
42.5115991 -83.0469467 
42.5115991 -83.0469467 
42.51631927 -83.04421997 
42.5101712 -83.0385107 
42.682914 -83.193236 
42.534921 -83.048983 
42.5116684 -83.0329732 
42.51446152 -83.03369904 
42.638109 -83.1327287 
42.35643 -82.973464 
42.5137331 -83.0286609 
42.3584581 -82.9615187 
42.6281331 -83.0902484 
42.5824345553 -83.0489893135 
42.87437057 -83.63308716 
42.678841 -83.132684 
42.683212 -83.1366 
42.68093872 -83.12833405 
42.68093872 -83.12833405 
42.589586 -84.457444 
41.67541 -83.6848 
41.6750655 -83.6873639 
41.675555 -83.675659 
42.581600189209 -83.0309677124023 
42.589463 -83.033158 
42.5038022 -82.9728417 
42.5964523084 -83.0324796101 
42.509012 -82.97426 
42.9001458 -83.6300377 
41.661644 -83.6118792 
42.6205773 -83.0126174 
42.683767 -84.4302723 
41.652976 -83.534907 
41.6529471428571 -83.5349799183673 
42.466806 -82.899248 
42.5236096 -82.9184129 
42.940347 -83.645053 
42.727346 -84.421766 
42.718325 -84.456427 
42.6276707 -82.9479058 
42.62587 -82.946 
42.5615365 -82.8956969 
42.6636848 -84.5352173 
42.663692 -84.535225 
42.663692 -84.535225 
42.72655106 -84.48399353 
42.6599288 -84.5499445 
42.9834404 -83.67629242 
41.57833 -83.664593 
42.73716 -84.4836 
42.73071 -84.49311 
42.7317521 -84.493658 
42.74331 -84.4836 
42.5963627 -82.8780386 
42.5981102 -82.8774643 
42.613655 -82.88299 
42.720199 -84.535075 
42.722072 -84.538136 
42.7230725 -84.5422506 
42.740732 -84.529356 
42.7201671 -84.5523343 
43.019892 -83.6876764 
42.72681 -84.551776 
43.01895905 -83.64761353 
43.0189743 -83.6476974 
42.73243713 -84.5484848 
42.7357621 -84.5478753 
42.245925 -84.7528622 
42.7670679 -84.5152957 
42.735233 -84.551175 
42.26145 -84.75639 
42.741098 -84.554669 
42.7510653 -84.5600745 
42.8036290213 -82.9921498369 
41.6146125 -83.2257678 
42.7684892 -84.5678168 
42.6701622 -82.83477783 
42.7181067 -84.6304771 
42.745881 -84.62145 
42.7433301 -84.6290083 
42.7415756 -84.66348 
42.7555526 -84.6533952 
42.8421249 -84.5691681 
41.4153885 -83.6508068 
43.177640832297925 -83.76173504722135 
43.17828 -83.76217 
42.25585175 -84.96489716 
41.382112 -83.642294 
41.376817 -83.644394 
41.376194 -83.649652 
41.3739558 -83.6520557 
41.3739884 -83.648724 
41.375356 -83.623162 
42.981825 -84.544564 
41.93785 -84.983818 
42.33576202 -85.1782074 
42.31933 -85.19722 
42.82099152 -82.4888916 
42.82572 -82.48506 
41.6991998 -85.0001204 
41.6358689 -84.9992867 
41.6794356 -85.0836139 
42.9934677 -82.4526713 
42.9984188 -82.4272066 
43.4877871 -83.9743457 
41.05665 -83.60676 
41.1097282 -83.2099928 
43.3902936 -84.6680903 
43.58798 -83.91627 
42.25782013 -85.54948425 
42.93393151727668 -85.33747814202206 
42.3072643 -85.5609003 
42.93350454635758 -85.34087731719666 
42.30638123 -85.56188965 
42.2349661 -85.5614839 
43.6212367 -83.9340867 
42.2947551 -85.5725225 
42.2978668 -85.5760956 
42.2913094 -85.5814362 
42.29138947 -85.58152008 
42.2835312 -85.5895004 
42.2907698 -85.59687 
42.28785324 -85.59939575 
42.2879816 -85.5997776 
42.2209925 -85.5981191 
42.22129059 -85.59873962 
42.2892883 -85.603279 
42.2837715 -85.6131821 
42.27852249 -85.616539 
42.2814445 -85.621048 
42.27205 -85.62717 
43.667638 -83.907611 
42.2545967 -85.6401672 
42.44644547 -85.65367889 
41.467067 -82.181513 
42.2298123 -85.6823167 
42.22540283 -85.68299103 
42.805252 -85.567809 
42.9160441 -85.5320984 
42.91186 -85.55799 
43.264535 -85.256679 
41.4857828365 -82.067410449 
41.188469 -85.1015608 
43.5742293 -84.770737 
42.8830324 -85.6055922 
43.6076868 -84.7129487 
41.423696 -82.088181 
41.420755 -82.085521 
42.8094884 -85.6719256 
41.28978 -82.21663 
43.6122065 -84.7589758 
43.6051043 -84.7763055 
41.4665336608887 -82.0169372558594 
40.7742281775 -84.0848315479 
42.9122799 -85.6407161 
43.0010809 -85.5933832 
42.9746374 -85.6210925 
40.7664 -84.14599 
42.8904228 -85.677948 
41.1323047 -85.1357495 
40.7627596 -84.1490428 
40.757389 -84.146132 
41.3504409790039 -82.0677947998047 
42.962069 -85.659011 
41.095508 -85.11019 
41.1218674 -85.1525225 
42.8614502 -85.72011566 
42.9619026 -85.6689911 
43.0363 -85.61863 
42.9629173 -85.6689911 
41.4627596 -81.9498247 
42.96380700262481 -85.67086637020111 
40.726668 -84.071932 
42.97015044069168 -85.67369341850281 
42.96417618 -85.67813873 
42.96482849 -85.68186188 
42.9456868 -85.707262 
41.1242409 -85.2139225 
42.9127579 -85.742558 
41.4753386 -81.8943444 
41.40971 -81.93691 
41.0738502004476 -85.2156497059822 
41.4800987 -81.8395047 
41.4187475 -81.854496 
41.4186396 -81.8205521 
41.370089 -81.8545634 
41.419174 -81.790778 
41.4982854 -81.7069702 
41.4889183044434 -81.7107391357422 
42.96051025 -85.88427734 
41.3768817 -81.7952962 
41.3455657958984 -81.8208312988281 
41.4973165 -81.6944019 
42.96616745 -85.89089203 
41.034584 -85.359902 
41.36684 -81.7638 
42.8121758 -86.0089874 
42.8268658 -86.0042965 
42.8114777 -86.0149918 
41.50359 -81.63911 
41.503373 -81.639054 
42.813076 -86.0152817 
42.8211273 -86.0145617 
40.758702 -82.569887 
40.757606 -82.567977 
42.4066922 -86.1399392 
42.753624 -86.0798569 
41.685695 -86.0086929 
42.781304 -86.073807 
42.781304 -86.073807 
41.68654 -86.01318 
42.751879 -86.085342 
42.7818508 -86.0755507 
42.774807 -86.0800323 
42.79895 -86.07249 
40.964834 -85.372573 
42.7742462 -86.0848846 
40.9622519 -85.3736297 
41.1617965698242 -81.8600616455078 
42.791 -86.09203 
42.7906914 -86.0955048 
42.7445679 -86.1139984 
42.7882347 -86.0992584 
42.7903404 -86.1014938 
42.78875732 -86.10360718 
42.7914848 -86.103302 
42.823082 -86.094101 
42.7867775 -86.109993 
42.7902603 -86.109436 
42.7760849 -86.1154175 
42.7614975 -86.1281586 
41.400765 -81.595494 
41.541388 -81.497109 
42.48995209 -86.24082947 
41.134257 -81.793779 
42.8364372 -86.1529846 
41.40179 -81.55228 
42.4487305 -86.2580032 
41.2388007 -85.8201055 
41.5197581 -81.461231 
41.27511 -85.85409 
41.519266 -81.455388 
41.682015 -81.340459 
41.7188212 -86.1878432 
41.721146 -86.190407 
41.70717 -86.18752 
43.699595 -85.4818223 
41.829209 -86.25175 
40.8961323 -85.5138428 
41.83037 -86.257139 
41.312212 -81.5183629 
41.703632 -86.229908 
41.706431 -86.23471 
41.707936 -86.23619 
41.695566 -86.232058 
41.7350425 -86.2511229 
41.704758 -86.23823 
41.1298078 -81.6543948 
41.700144 -86.24535 
41.7090526 -86.2515747 
40.4928284 -82.7100699 
41.6777146 -86.251055 
43.9002129 -85.2595422 
41.3510589599609 -81.389778137207 
41.82643127 -86.36061859 
44.26812 -83.51693 
41.1077806 -81.5836023 
42.14923096 -86.44338989 
43.15417 -86.19898 
42.1506608 -86.4448759 
41.1377049 -81.546741 
41.171348 -81.507345 
40.7974234 -81.9414121 
42.056717 -86.456695 
42.1123282 -86.4660996 
42.1149735 -86.4666033 
43.1545368 -86.2303815 
43.219944 -86.1957589 
41.0967216 -81.5444717 
41.165210723877 -81.4791107177734 
44.2773989 -84.2904877 
43.24327087 -86.19507599 
41.0848785 -81.5368696 
43.1652298 -86.2635498 
41.08352 -81.518947 
41.119701 -81.483068 
41.07082 -81.5241 
41.2519798278809 -81.3619384765625 
41.2489295 -81.3621171 
41.0519282 -81.5387468 
43.2345356 -86.2351696 
43.23468018 -86.24369812 
41.2418878 -81.3517188 
41.114032 -81.459692 
43.2335472 -86.2554779 
43.2418213 -86.252861 
41.5356072 -86.3608304 
41.151759 -81.380359 
41.8572919 -80.9661576 
41.1530096 -81.3556393 
40.259777 -82.9241647 
43.2242851 -86.3363495 
40.8904886 -81.5969358 
40.979048 -81.493235 
41.3611086 -86.3464126 
41.7844243 -80.8569414 
40.1404 -83.01757 
40.1243057250977 -83.0881118774414 
40.5727861 -81.8693662 
41.3373401675535 -86.4452683925629 
40.3832914 -82.2117206 
40.1071879 -83.1389708 
40.878727 -81.4420166 
40.1134257 -83.0904531 
40.1452637 -82.9242935 
40.1015014648438 -83.1564865112305 
40.0999254 -83.1477702 
40.8748184 -81.4234583 
40.1093215942383 -83.0156860351562 
40.0739666 -83.131485 
40.072135 -83.13052 
40.794772 -81.462062 
40.08713913 -82.99208069 
40.7923741 -81.4532896 
40.0508208 -83.1324271 
40.0631942749023 -83.054931640625 
40.034484 -83.161596 
40.05185 -83.04744 
40.0613465 -82.969876 
40.03135 -83.12497 
40.0766334533691 -82.862174987793 
40.059822 -82.912104 
41.6117255 -86.7201579 
40.0601832 -82.9055273 
41.5910917 -86.7147868 
40.0566077 -82.9067717 
41.6113751 -86.7288313 
40.056983 -82.885048 
40.050932 -82.912751 
40.0497614 -82.9121286 
40.0209885 -83.0614395 
39.951075 -83.851801 
44.2839013 -85.4048223 
39.965759 -84.192402 
39.9618453 -84.171103 
40.0060397 -83.014194 
39.997769 -83.032407 
39.95825 -84.18589 
39.9931519301 -83.0158442164 
40.0201782 -82.8798855 
39.9942417242 -83.0054449153 
39.9879594 -83.0335737 
39.9742126 -83.0286142 
39.97538 -83.0048 
39.9708025 -83.0027373 
40.001008 -82.853227 
39.9666831 -83.0158002 
43.7019647 -86.3646528 
39.9635597 -83.0025408 
39.960544 -82.998122 
39.9724236 -82.9048996 
39.985903 -82.823365 
40.0967228 -82.4238297 
39.9575074 -82.9391641 
39.9812202453613 -82.8175354003906 
39.928299 -83.0899811 
41.7230232 -86.9057633 
41.71580505 -86.90522003 
39.9531528 -82.8771109 
39.887743 -84.217964 
39.8773523 -84.1374388 
41.2628664 -80.7834746 
40.522809 -81.489164 
41.5844947 -86.8949645 
39.8813654 -83.0932815 
39.8504309 -84.1882588 
39.858702 -84.277027 
39.877568 -83.0629995 
39.879803 -83.045049 
41.5416832 -86.9040185 
39.8082345 -83.8875532 
39.891489 -82.887892 
39.88808 -82.88571 
39.81912994 -84.19894409 
40.1206909 -82.0227445 
39.8533821 -82.8276215 
41.658159 -87.0631457 
41.6336125 -87.0547401 
39.7591036 -84.1944141 
41.6108245 -87.053306 
40.555581 -81.241472 
39.7389832 -84.1799734 
39.73162 -84.21034 
39.708775 -84.026292 
39.8307411 -84.8261588 
41.4315549 -87.0283042 
41.60465 -87.11218 
41.4682749 -87.0578987 
40.7962983 -80.8856442 
41.171919 -80.56798 
41.6084035 -87.1539207 
41.6309636 -87.1776357 
41.01098 -80.66181 
41.6033331 -87.1774018 
40.0612992 -85.6500522 
39.6572359 -84.159656 
41.6226035 -87.2085964 
39.6221869 -83.600742 
41.2554 -80.45199 
39.639568 -84.22375 
41.4447018 -87.1486155 
39.6384 -84.22068 
39.746419 -82.64717 
41.2840902 -80.4283829 
41.2465001 -80.4497588 
39.628696 -84.160318 
39.6272342 -84.1745924 
39.7417 -82.63726 
39.62702 -84.22667 
39.93748 -82.00668 
42.0625286 -80.1054078 
42.0544075 -80.105439 
41.5309712 -87.2544137 
42.0499838 -80.0852803 
39.5772216 -84.229352 
39.5692419 -84.2378211 
42.0355609 -80.066293 
42.0291349 -80.065189 
42.03048 -80.06189 
39.5629082 -84.2769852 
41.47044 -87.28343 
41.6044529 -87.338339 
39.5458566 -84.266601 
44.519434 -85.9880934 
44.5192603 -85.9906554 
41.541764 -87.352966 
44.7463877 -85.5403016 
41.4614568 -87.3257066 
41.473146 -87.3327225 
44.779413 -85.48758 
44.743607 -85.595329 
44.74598 -85.59532 
44.7274952 -85.6468187 
44.7625323 -85.5855122 
40.031072 -85.99803 
41.0930805 -80.3286793 
39.993417 -85.930506 
44.802122 -85.487267 
41.4172613 -87.3532486 
44.75973892 -85.62258148 
41.355598449707 -87.3327255249023 
41.523031 -87.42665 
40.0 -86.0 
41.6967329 -87.511353 
39.98361 -86.00519 
39.972857 -86.005158 
41.5369108 -87.4718288 
41.5572273 -87.4803491 
41.5924998 -87.4966647 
39.956563 -85.995435 
41.49768 -87.47101 
39.436 -84.33668 
40.0045683 -86.0926504 
41.494816 -87.472315 
41.4975434 -87.4744762 
39.432578 -84.336865 
39.95781 -86.01651 
39.558938 -82.459188 
